image_width: 720
image_height: 1280
camera_name: netcam_stream_142
camera_matrix:
  rows: 3
  cols: 3
  data: [1016.98149824938, 0, 342.4942051825478, 0, 1017.011824510561, 635.9978036344141, 0, 0, 1]
distortion_model: plumb_bob
distortion_coefficients:
  rows: 1
  cols: 5
  data: [-0.4050680730638221, 0.2158855587756004, 0.0002229828606675931, -0.0008202296872332765, 0]
rectification_matrix:
  rows: 3
  cols: 3
  data: [1, 0, 0, 0, 1, 0, 0, 0, 1]
projection_matrix:
  rows: 3
  cols: 4
  data: [961.8825073242188, 0, 339.660322850581, 0, 0, 854.4259033203125, 634.8756495012931, 0, 0, 0, 1, 0]