image_width: 1280
image_height: 720
camera_name: netcam_stream_124
camera_matrix:
  rows: 3
  cols: 3
  data: [1212.877207471669, 0, 620.9169742503852, 0, 1148.287003859088, 368.9351788625024, 0, 0, 1]
distortion_model: plumb_bob
distortion_coefficients:
  rows: 1
  cols: 5
  data: [-0.6119081898926531, 0.3429527726320517, -0.04118939950490882, 0.02687675862684293, 0]
rectification_matrix:
  rows: 3
  cols: 3
  data: [1, 0, 0, 0, 1, 0, 0, 0, 1]
projection_matrix:
  rows: 3
  cols: 4
  data: [967.7479248046875, 0, 673.9905177687251, 0, 0, 1071.167602539062, 351.4355608559345, 0, 0, 0, 1, 0]