image_width: 1280
image_height: 720
camera_name: netcam_stream_135
camera_matrix:
  rows: 3
  cols: 3
  data: [1044.787668390987, 0, 645.9843729483841, 0, 1042.882384288256, 381.2015208166706, 0, 0, 1]
distortion_model: plumb_bob
distortion_coefficients:
  rows: 1
  cols: 5
  data: [-0.4056577340825634, 0.1814958690366933, -0.001702220686138469, 0.0007469027646878791, 0]
rectification_matrix:
  rows: 3
  cols: 3
  data: [1, 0, 0, 0, 1, 0, 0, 0, 1]
projection_matrix:
  rows: 3
  cols: 4
  data: [870.6914672851562, 0, 649.414958828369, 0, 0, 988.5523681640625, 382.2260082860776, 0, 0, 0, 1, 0]