image_width: 1280
image_height: 720
camera_name: netcam_stream_140
camera_matrix:
  rows: 3
  cols: 3
  data: [881.8625635217907, 0, 649.5614454096075, 0, 882.4933753921787, 399.7276560683015, 0, 0, 1]
distortion_model: plumb_bob
distortion_coefficients:
  rows: 1
  cols: 5
  data: [-0.3806798781137801, 0.1351247749129562, 0.001324329563518949, 0.001469591004069418, 0]
rectification_matrix:
  rows: 3
  cols: 3
  data: [1, 0, 0, 0, 1, 0, 0, 0, 1]
projection_matrix:
  rows: 3
  cols: 4
  data: [676.2017822265625, 0, 658.6210040688457, 0, 0, 817.9241333007812, 406.0824033174667, 0, 0, 0, 1, 0]