image_width: 720
image_height: 1280
camera_name: netcam_stream_162
camera_matrix:
  rows: 3
  cols: 3
  data: [884.7035910610419, 0, 326.9724657995753, 0, 886.1408009573203, 648.1033916086825, 0, 0, 1]
distortion_model: plumb_bob
distortion_coefficients:
  rows: 1
  cols: 5
  data: [-0.3932526639891686, 0.1710333920790119, 0.00352154647742251, -0.001979628647265674, 0]
rectification_matrix:
  rows: 3
  cols: 3
  data: [1, 0, 0, 0, 1, 0, 0, 0, 1]
projection_matrix:
  rows: 3
  cols: 4
  data: [819.9611206054688, 0, 320.2767858701554, 0, 0, 699.6735229492188, 659.9583347629959, 0, 0, 0, 1, 0]