image_width: 720
image_height: 1280
camera_name: netcam_stream_110
camera_matrix:
  rows: 3
  cols: 3
  data: [1146.578591, 0, 367.014284, 0, 1143.064479, 655.710227, 0, 0, 1]
distortion_model: plumb_bob
distortion_coefficients:
  rows: 1
  cols: 5
  data: [-0.384353, 0.177857, -0.0006439999999999999, 0.001488, 0]
rectification_matrix:
  rows: 3
  cols: 3
  data: [1, 0, 0, 0, 1, 0, 0, 0, 1]
projection_matrix:
  rows: 3
  cols: 4
  data: [1100.117432, 0, 367.679928, 0, 0, 995.536926, 658.566227, 0, 0, 0, 1, 0]