image_width: 1280
image_height: 720
camera_name: netcam_stream_132
camera_matrix:
  rows: 3
  cols: 3
  data: [856.1271911629126, 0, 637.1298165043946, 0, 856.7465554796934, 332.0689927247924, 0, 0, 1]
distortion_model: plumb_bob
distortion_coefficients:
  rows: 1
  cols: 5
  data: [-0.3838188954406825, 0.1362900177703874, 0.0003233291585497933, -0.001678721514851209, 0]
rectification_matrix:
  rows: 3
  cols: 3
  data: [1, 0, 0, 0, 1, 0, 0, 0, 1]
projection_matrix:
  rows: 3
  cols: 4
  data: [645.7071533203125, 0, 629.4036905882531, 0, 0, 791.599609375, 327.0902725840569, 0, 0, 0, 1, 0]