image_width: 1280
image_height: 720
camera_name: netcam_stream_133
camera_matrix:
  rows: 3
  cols: 3
  data: [840.075347574765, 0, 649.8849649835647, 0, 841.2876724500815, 370.0091937314548, 0, 0, 1]
distortion_model: plumb_bob
distortion_coefficients:
  rows: 1
  cols: 5
  data: [-0.3961462221349147, 0.1553971900666666, 0.002258261819050404, -0.0005305257802186958, 0]
rectification_matrix:
  rows: 3
  cols: 3
  data: [1, 0, 0, 0, 1, 0, 0, 0, 1]
projection_matrix:
  rows: 3
  cols: 4
  data: [636.9244995117188, 0, 650.4899017639473, 0, 0, 773.9573974609375, 372.7614453838178, 0, 0, 0, 1, 0]