image_width: 1280
image_height: 720
camera_name: netcam_stream_118
camera_matrix:
  rows: 3
  cols: 3
  data: [1946.486074, 0, 690.96179, 0, 1948.433956, 422.692295, 0, 0, 1]
distortion_model: plumb_bob
distortion_coefficients:
  rows: 1
  cols: 5
  data: [-0.324967, 0.189613, 0.006078999999999999, 0.000321, 0]
rectification_matrix:
  rows: 3
  cols: 3
  data: [1, 0, 0, 0, 1, 0, 0, 0, 1]
projection_matrix:
  rows: 3
  cols: 4
  data: [1875.313477, 0, 694.320035, 0, 0, 1919.084229, 424.714255, 0, 0, 0, 1, 0]
