image_width: 1280
image_height: 720
camera_name: netcam_stream_137
camera_matrix:
  rows: 3
  cols: 3
  data: [863.8393669288153, 0, 652.0885953943748, 0, 861.8536432756941, 406.4208704052209, 0, 0, 1]
distortion_model: plumb_bob
distortion_coefficients:
  rows: 1
  cols: 5
  data: [-0.3699723033007364, 0.140641372771243, 0.000323674808531895, -0.002820082213643828, 0]
rectification_matrix:
  rows: 3
  cols: 3
  data: [1, 0, 0, 0, 1, 0, 0, 0, 1]
projection_matrix:
  rows: 3
  cols: 4
  data: [674.0965576171875, 0, 647.1043946307109, 0, 0, 797.6815185546875, 413.1872881921081, 0, 0, 0, 1, 0]