image_width: 1280
image_height: 720
camera_name: netcam_stream_119
camera_matrix:
  rows: 3
  cols: 3
  data: [1138.755001000053, 0, 662.1390456905461, 0, 1139.985928423876, 399.725572093187, 0, 0, 1]
distortion_model: plumb_bob
distortion_coefficients:
  rows: 1
  cols: 5
  data: [-0.3882642869990404, 0.1575792153879965, 0.003029427020329365, -0.002014339485987672, 0]
rectification_matrix:
  rows: 3
  cols: 3
  data: [1, 0, 0, 0, 1, 0, 0, 0, 1]
projection_matrix:
  rows: 3
  cols: 4
  data: [982.6047973632812, 0, 665.0595614951053, 0, 0, 1089.640502929688, 403.7862345067515, 0, 0, 0, 1, 0]