image_width: 1280
image_height: 720
camera_name: netcam_stream_136
camera_matrix:
  rows: 3
  cols: 3
  data: [1256.782864678979, 0, 669.9390499538983, 0, 1259.291799683307, 366.5463769490565, 0, 0, 1]
distortion_model: plumb_bob
distortion_coefficients:
  rows: 1
  cols: 5
  data: [-0.3738779195208713, 0.1679370612757309, 0.003001627045009023, -0.000192518746176034, 0]
rectification_matrix:
  rows: 3
  cols: 3
  data: [1, 0, 0, 0, 1, 0, 0, 0, 1]
projection_matrix:
  rows: 3
  cols: 4
  data: [1125.421508789062, 0, 676.1559006868847, 0, 0, 1217.715942382812, 367.523670817478, 0, 0, 0, 1, 0]