image_width: 1280
image_height: 720
camera_name: netcam_stream_101
camera_matrix:
  rows: 3
  cols: 3
  data: [859.530515, 0, 637.017745, 0, 859.654667, 332.528811, 0, 0, 1]
distortion_model: plumb_bob
distortion_coefficients:
  rows: 1
  cols: 5
  data: [-0.396697, 0.13751, 0.00183, -0.001084, 0]
rectification_matrix:
  rows: 3
  cols: 3
  data: [1, 0, 0, 0, 1, 0, 0, 0, 1]
projection_matrix:
  rows: 3
  cols: 4
  data: [635.403198, 0, 630.9670599999999, 0, 0, 792.551208, 328.349356, 0, 0, 0, 1, 0]
