image_width: 1280
image_height: 720
camera_name: netcam_stream_139
camera_matrix:
  rows: 3
  cols: 3
  data: [1017.258031077162, 0, 651.7692765694387, 0, 1017.186058495701, 381.715581927908, 0, 0, 1]
distortion_model: plumb_bob
distortion_coefficients:
  rows: 1
  cols: 5
  data: [-0.403709814047382, 0.193323833429864, 0.0002581641833271165, -0.0006036443787148402, 0]
rectification_matrix:
  rows: 3
  cols: 3
  data: [1, 0, 0, 0, 1, 0, 0, 0, 1]
projection_matrix:
  rows: 3
  cols: 4
  data: [846.2000732421875, 0, 653.7901107069265, 0, 0, 961.6087646484375, 383.7891827535277, 0, 0, 0, 1, 0]