image_width: 1280
image_height: 720
camera_name: netcam_stream_150
camera_matrix:
  rows: 3
  cols: 3
  data: [1871.104077, 0, 629.919139, 0, 1872.785209, 321.396632, 0, 0, 1]
distortion_model: plumb_bob
distortion_coefficients:
  rows: 1
  cols: 5
  data: [-0.364575, 0.268227, -0.000958, 0.000606, 0]
rectification_matrix:
  rows: 3
  cols: 3
  data: [1, 0, 0, 0, 1, 0, 0, 0, 1]
projection_matrix:
  rows: 3
  cols: 4
  data: [1790.506714, 0, 629.035853, 0, 0, 1843.889038, 319.705987, 0, 0, 0, 1, 0]
