image_width: 1280
image_height: 720
camera_name: netcam_stream_151
camera_matrix:
  rows: 3
  cols: 3
  data: [851.4473178661448, 0, 632.5138287935903, 0, 852.3543807999574, 329.0457971726806, 0, 0, 1]
distortion_model: plumb_bob
distortion_coefficients:
  rows: 1
  cols: 5
  data: [-0.3730251367655347, 0.1223313721997394, -0.001713286566636048, -0.001520578352843594, 0]
rectification_matrix:
  rows: 3
  cols: 3
  data: [1, 0, 0, 0, 1, 0, 0, 0, 1]
projection_matrix:
  rows: 3
  cols: 4
  data: [636.543212890625, 0, 622.3465508036024, 0, 0, 787.4207153320312, 322.3658059894733, 0, 0, 0, 1, 0]