image_width: 1280
image_height: 720
camera_name: netcam_stream_141
camera_matrix:
  rows: 3
  cols: 3
  data: [871.4558485966812, 0, 634.8860949499415, 0, 863.3152378228077, 431.703426766543, 0, 0, 1]
distortion_model: plumb_bob
distortion_coefficients:
  rows: 1
  cols: 5
  data: [-0.3892472593085113, 0.1423833700277284, -0.008960263075770254, 0.00477265692225832, 0]
rectification_matrix:
  rows: 3
  cols: 3
  data: [1, 0, 0, 0, 1, 0, 0, 0, 1]
projection_matrix:
  rows: 3
  cols: 4
  data: [663.4519653320312, 0, 648.5328124842199, 0, 0, 796.1983032226562, 437.3612313048397, 0, 0, 0, 1, 0]