image_width: 1280
image_height: 720
camera_name: netcam_stream_154
camera_matrix:
  rows: 3
  cols: 3
  data: [850.2213559615438, 0, 633.01722760421, 0, 847.721113077684, 330.3951163752523, 0, 0, 1]
distortion_model: plumb_bob
distortion_coefficients:
  rows: 1
  cols: 5
  data: [-0.357213136802197, 0.1146130336186199, 0.0001811710543525035, 0.001157280483248545, 0]
rectification_matrix:
  rows: 3
  cols: 3
  data: [1, 0, 0, 0, 1, 0, 0, 0, 1]
projection_matrix:
  rows: 3
  cols: 4
  data: [646.1216430664062, 0, 633.1859744521207, 0, 0, 786.28125, 325.3244239557534, 0, 0, 0, 1, 0]