%YAML:1.0
H_118: !!opencv-matrix
   rows: 3
   cols: 3
   dt: d
   data: [ -4.2818302478114644e-03, -5.0973580349998704e-01,
       2.0022137462613819e+02, 1.0052612108315016e-01,
       2.0910305444329817e-02, -1.1640084909468597e+02,
       -2.3147008294351055e-03, -4.3656982825193889e-02, 1. ]
