header: 
  seq: 0
  stamp: 1469114980.047651219
  frame_id: 
child_frame_id: 
transform: 
  translation: 
    x: -1.64205
    y: 0.697478
    z: 3.59081
  rotation: 
    x: -0.129754
    y: -0.0419142
    z: -0.709401
    w: 0.691489
